c
-138.18 115 -67.9519 0.958301 0.179999 0.28576
l
0 300 -1000 1 1 1 1 1 1 1 1 1 0.1 0.001 1e-07 1 0 -1 0 1 2 10 20 1 1 
l
0 10 0 1 1 0 0 1 1 0 0 1 0.1 1e-05 0.1 1 -1.07374e+08 -1.07374e+08 -1.07374e+08 -1.07374e+08 0 0 0 1 1 
l
0 0 0 1 1 1 1 1 1 1 1 1 -1.07374e+08 -1.07374e+08 -1.07374e+08 -1.07374e+08 -1.07374e+08 -1.07374e+08 -1.07374e+08 -1.07374e+08 0 0 0 1 0 
l
0 10 0 1 1 1 0 1 1 0 0 1 0.1 1e-05 0.1 1 -1.07374e+08 -1.07374e+08 -1.07374e+08 -1.07374e+08 0 0 0 1 1 
l
0 10 0 1 0 1 0 1 1 0 0 1 0.1 1e-05 0.1 1 -1.07374e+08 -1.07374e+08 -1.07374e+08 -1.07374e+08 0 0 0 1 1 
l
0 10 0 1 1 0 1 1 1 0 0 1 0.1 1e-05 0.1 1 -1.07374e+08 -1.07374e+08 -1.07374e+08 -1.07374e+08 0 0 0 1 1 
l
0 10 0 1 1 0 1 1 1 0 0 1 0.1 1e-05 0.1 1 -1.07374e+08 -1.07374e+08 -1.07374e+08 -1.07374e+08 0 0 0 1 1 
l
0 10 0 1 1 1 1 1 1 1 1 1 0.1 0.001 0.1 1 0 0 1 1 1 10 20 1 0 
l
0 10 0 1 1 1 1 1 1 1 1 1 0.1 0.001 0.1 1 0 0 1 1 1 10 20 1 0 
l
0 10 0 1 1 1 1 1 1 1 1 1 0.1 0.001 0.1 1 0 0 1 1 1 10 20 1 0 
l
0 10 0 1 1 1 1 1 1 1 1 1 0.1 0.001 0.1 1 0 0 1 1 1 10 20 1 0 
l
0 10 0 1 1 1 1 1 1 1 1 1 0.1 0.001 0.1 1 0 0 1 1 1 10 20 1 0 
l
0 10 0 1 1 1 1 1 1 1 1 1 0.1 0.001 0.1 1 0 0 1 1 1 10 20 1 0 
l
0 10 0 1 1 1 1 1 1 1 1 1 0.1 0.001 0.1 1 0 0 1 1 1 10 20 1 0 
l
0 10 0 1 1 1 1 1 1 1 1 1 0.1 0.001 0.1 1 0 0 1 1 1 10 20 1 0 
l
0 10 0 1 1 1 1 1 1 1 1 1 0.1 0.001 0.1 1 0 0 1 1 1 10 20 1 0 
l
0 0 0 1 1 1 1 1 1 1 1 1 -1.07374e+08 -1.07374e+08 -1.07374e+08 -1.07374e+08 -1.07374e+08 -1.07374e+08 -1.07374e+08 -1.07374e+08 0 0 0 1 0 
l
0 0 0 1 1 1 1 1 1 1 1 1 -1.07374e+08 -1.07374e+08 -1.07374e+08 -1.07374e+08 -1.07374e+08 -1.07374e+08 -1.07374e+08 -1.07374e+08 0 0 0 1 0 
l
0 0 0 1 1 1 1 1 1 1 1 1 -1.07374e+08 -1.07374e+08 -1.07374e+08 -1.07374e+08 -1.07374e+08 -1.07374e+08 -1.07374e+08 -1.07374e+08 0 0 0 1 0 
l
0 0 0 1 1 1 1 1 1 1 1 1 -1.07374e+08 -1.07374e+08 -1.07374e+08 -1.07374e+08 -1.07374e+08 -1.07374e+08 -1.07374e+08 -1.07374e+08 0 0 0 1 0 
o
Terrain Ground 0 0 0 0.711473 0 -0 -0.702713 5 5 5 0 0 0 0 0 0.5 1 1 1 1000 0 1
o
ISO_Sphere_1 Debug_Sphere_1 0 300 -1000 0 0 0 1 1 1 1 1 1 1 1 1 1 1 1 1 1 1 1
o
ISO_Sphere_1 Debug_Sphere_2 0 300 -1000 0 0 0 1 1110.84 1110.84 1110.84 1 1 1 0 0 1 1 1 1 1 1 1
o
ISO_Sphere_1 Debug_Sphere_3 0 300 -1000 0 0 0 1 1630.86 1630.86 1630.86 1 1 0 1 0 1 1 1 1 1 1 1
o
ISO_Sphere_1 Debug_Sphere_4 0 300 -1000 0 0 0 1 3007.81 3007.81 3007.81 1 1 0 1 1 1 1 1 1 1 1 1
o
ISO_Sphere_1 Debug_Sphere_5 0 300 -1000 0 0 0 1 9843.75 9843.75 9843.75 1 1 0 1 1 1 1 1 1 1 1 1
o
WallBlock Block1 429 125 0 0 0 0 1 11 11 11 0 1 0 0 0 1 1 0 0 1000 0 1
o
FloorBlock Floor1 5 0 0 0 0 0 1 1 1 1 0 1 0 0 0 1 1 0 0 1000 0 1
